Mean: 379.6296296296296
Median: 300.0
Mode: [10.0, 20.0, 30.0, 40.0, 50.0, 60.0, 70.0, 80.0, 90.0, 100.0, 150.0, 200.0, 250.0, 300.0, 350.0, 400.0, 450.0, 500.0, 550.0, 600.0, 700.0, 750.0, 800.0, 850.0, 900.0, 950.0, 1000.0]
Variance: 106936.89986282581
Standard Deviation: 327.0120790778619
Elapsed Time (seconds): 0.0003437995910644531
